image: ./small_house.pgm
resolution: 0.050000
origin: [-7.850000, -4.600000, 0.000000]
negate: 0
occupied_thresh: 0.65
free_thresh: 0.196

